nrows 70
ncols 70
cellsize 10
174.9187 170.8752 160.6638 170.8560 206.7266 227.5352 161.6426 190.7121 220.9098 176.6140 194.9845 168.3011 185.7923 215.0413 213.2840 176.8465 207.3444 229.0659 182.9633 171.7833 168.2502 195.0110 218.7008 194.5405 198.2683 161.2080 222.7441 187.1470 218.7746 198.8879 196.4340 227.4714 189.6080 171.7896 165.8234 182.3417 186.4615 172.3819 206.2275 184.8838 230.1051 165.8902 191.9092 184.1605 169.6620 212.7696 187.8741 191.6004 230.0146 196.8724 181.9231 197.7629 171.1668 194.3190 202.6989 200.7019 224.0538 174.0028 169.4462 203.5638 221.8549 204.7338 199.6053 179.0827 171.3415 217.2559 225.1590 216.3203 211.1695 207.7618
181.8592 186.3397 160.3140 178.0747 214.0772 194.4985 195.0344 202.3614 181.0384 168.7003 184.8583 207.1050 200.6327 215.2528 175.0757 173.0708 175.8213 217.9478 207.1491 194.1734 186.9022 185.5988 167.2587 204.4754 160.5422 167.5509 227.9286 206.0297 201.5327 203.6132 165.3077 175.9168 227.6880 225.4532 184.2174 198.6209 162.1657 218.7408 225.5177 182.8382 226.7622 219.2320 213.6944 161.9195 201.4105 206.5430 195.8242 229.4107 181.1928 161.5807 204.2344 198.5721 209.6675 207.4673 230.2436 176.3362 200.2083 166.3248 208.3416 168.8912 220.3516 229.4724 207.0468 230.9691 173.8596 166.4255 227.4671 229.9570 197.3183 202.5885
174.2798 181.1538 218.6119 206.6803 225.4485 229.8503 219.5406 171.7468 193.4950 182.4205 184.1828 197.0764 161.5609 230.2859 195.3402 186.4588 201.8056 179.4352 196.5531 198.0046 179.9157 164.1653 188.7213 229.1786 223.6270 161.8479 190.3256 198.7898 182.1981 190.8184 211.6106 163.4289 166.7184 194.9338 197.8569 199.2463 196.9783 182.9554 200.0508 162.0246 171.3877 177.6712 171.8395 186.2143 212.0883 186.5949 225.6520 174.9739 196.9731 194.1515 175.2590 185.2841 203.7996 183.4919 226.8488 179.8901 172.9646 219.4664 211.9021 199.1665 219.7916 179.8317 177.7656 191.9970 161.3786 182.4645 210.8417 176.4149 183.1482 189.2120
207.7408 201.0575 175.2496 212.0246 223.5748 189.4570 200.8725 214.1800 230.8093 170.8096 173.3508 206.7385 187.7384 170.1433 160.6553 176.8468 208.6962 186.7415 199.5086 209.1481 196.5800 212.2680 170.8876 205.3469 225.1205 203.2864 173.1230 185.9320 204.6082 166.7717 227.1553 162.1621 205.4608 211.7705 205.7578 188.6853 170.0983 175.5806 230.7034 207.5811 205.0835 218.6963 224.9136 208.1877 182.3803 229.2907 173.6083 226.8122 187.8838 175.1922 206.3472 162.3040 178.0842 175.1538 160.6477 225.5206 164.8414 212.7103 162.5501 212.9121 183.7674 161.0711 224.1040 228.8079 165.6397 219.3068 172.2506 171.5025 165.6024 163.5539
223.9922 172.9050 206.6521 196.0833 219.0508 197.3437 205.0484 196.8558 178.4482 199.0968 210.8437 206.6248 191.5638 208.3593 167.6832 164.7349 214.2675 176.6494 162.3898 160.5132 174.6633 162.1091 207.6217 183.5532 199.8313 160.7575 166.0633 207.2510 175.7085 164.5213 202.1968 175.6691 210.9097 212.7835 184.6897 202.1751 174.8597 199.2678 167.8271 162.3311 183.0785 171.3067 194.2227 212.1942 188.8441 161.9298 191.2487 175.5292 164.7397 191.7524 229.2385 222.4313 194.7896 212.3451 168.5371 204.5113 166.9824 179.6201 161.9029 223.1029 214.9861 196.7850 169.5929 166.9209 175.7737 218.5814 209.7085 219.2176 172.6896 219.8527
227.0191 173.7650 221.2170 160.9657 179.5358 187.9261 164.3319 169.2490 197.5655 221.6661 212.8665 190.4043 203.8369 187.6043 174.7493 210.7991 187.5650 209.1092 196.3351 170.6517 224.9933 228.0010 162.2932 227.3866 189.0382 195.6371 216.6864 192.8544 176.1491 164.0342 224.9360 193.6865 166.3924 217.2038 194.3459 184.7860 194.0699 169.0654 212.7359 208.8448 219.8904 217.1415 185.5223 204.8189 220.8272 202.7358 224.2742 172.4969 197.3142 181.4490 179.3759 165.6507 173.3613 160.6964 160.9266 193.7705 175.5014 217.3579 196.4226 168.0571 173.2218 176.8121 196.0843 188.1669 196.6776 199.3843 175.9118 189.1885 230.0364 167.6749
176.6862 222.4662 216.7623 177.3225 178.1666 199.1813 195.5101 216.5053 167.6767 197.0496 175.0734 224.8878 187.1246 176.1032 223.0042 164.7759 215.2512 205.2845 183.1066 202.9661 163.5672 181.5012 182.9968 209.1380 193.0039 173.8659 184.3144 174.6761 175.7765 186.0733 204.9752 175.4842 225.3406 196.2601 229.0616 213.7024 208.6066 192.2317 227.5608 177.2287 200.7691 160.6433 176.1830 200.6055 185.2096 160.5786 198.9176 168.1364 183.9316 184.9812 171.8180 170.0668 215.9028 169.5635 198.7455 227.2847 221.4921 224.1436 189.4491 172.2738 186.9165 179.8406 223.4076 162.9881 160.2410 230.1980 222.3199 170.9057 212.0097 208.0978
210.9944 200.7695 175.0321 201.2782 186.6570 202.4224 196.1932 197.3753 162.3743 221.7078 220.4138 225.6702 177.3742 195.6175 171.0475 180.1435 178.5309 162.7469 170.0678 167.0125 182.1817 198.6399 184.3737 163.6605 215.7397 227.7953 219.4198 228.7528 204.2792 196.9430 226.1665 192.3781 227.3823 188.7001 186.0341 224.2578 174.0554 190.8661 172.1469 176.4156 179.4522 161.4271 165.6561 215.2195 202.4731 172.8079 162.3425 170.3719 172.0490 166.0275 162.0160 214.2521 227.0627 224.1966 165.4553 198.9944 214.4157 215.2268 212.7569 230.8254 160.7019 187.7154 184.0035 164.4750 205.3175 201.7132 208.0999 163.9285 165.6061 187.4889
227.4762 188.3921 208.8127 175.4617 219.1109 173.1073 172.2065 175.1896 162.9898 221.5684 200.7188 189.6739 201.6812 192.7728 226.8404 201.2685 166.1841 165.3647 229.3217 181.1650 218.5852 211.9220 194.4301 172.7700 176.3452 213.1775 217.1306 192.2821 218.2297 226.6684 200.5770 214.4358 198.9961 165.1624 184.7294 179.6836 230.9562 219.2240 208.7444 181.0563 218.4403 223.4497 166.0241 176.5637 191.0115 201.2302 198.4577 169.2748 180.9987 179.3756 210.4380 204.1521 169.5479 162.5801 173.6955 201.3044 191.9278 201.4945 204.8558 225.5727 187.2681 172.1267 204.8980 186.2612 222.2565 162.3950 223.3659 214.3922 182.5768 204.9236
161.2696 189.0733 201.0307 178.5876 195.1034 171.4410 182.3527 166.8898 161.2997 170.1721 176.7037 172.9840 178.7436 227.7384 165.7044 214.0457 196.6783 223.4220 189.6610 164.7376 169.4465 173.6042 192.3232 162.7134 172.0333 208.9965 193.1168 167.4650 182.3042 175.2887 215.2960 226.3259 177.1626 199.1579 226.8719 173.1167 180.5914 225.7029 208.4923 189.7405 197.6900 163.1462 186.6699 216.0191 229.3685 168.0816 204.8871 226.2001 169.3176 220.6361 193.1411 169.8542 211.2411 179.6603 201.4350 210.3378 217.1031 195.4676 208.5716 195.5989 227.3236 165.6991 196.3568 225.8678 194.4358 205.6087 161.9864 204.6930 173.7093 214.4351
219.9529 220.8594 178.6385 206.5548 185.2844 225.9541 169.9977 177.7949 198.3076 169.7365 187.3704 209.6256 179.4137 197.0105 183.6790 174.9503 228.4952 168.3983 222.2560 177.8624 192.8257 171.2711 191.4280 175.0485 201.1535 169.1054 171.4181 226.4858 208.6961 204.7013 180.6061 195.6983 183.5370 162.0260 196.8382 212.1200 172.6510 213.9255 196.5242 164.0457 206.4133 209.5866 169.7213 182.2395 230.9862 177.4245 174.2665 188.5205 168.4152 198.0214 182.2909 201.5475 191.6192 230.8483 209.1254 160.5841 168.7131 175.7655 218.6898 215.2409 226.2597 162.7135 199.9491 209.0643 208.1202 193.5864 190.9119 187.3704 194.5400 188.0046
217.9525 225.9047 174.9937 187.5979 176.9422 163.7519 206.0910 163.4492 161.7921 173.4147 181.5457 196.5512 215.5293 190.1366 222.8031 192.4862 229.9551 175.3493 179.4268 217.0476 198.2668 223.5966 211.7610 175.1967 195.7648 196.4022 227.6954 160.5673 199.9099 219.3336 227.5891 184.7173 166.5519 179.9438 206.5370 185.4599 173.1019 189.3666 190.1973 205.9051 176.7929 198.0862 230.3456 182.2885 225.9369 221.8069 173.1638 219.2738 169.2668 195.4070 160.0314 199.1754 223.0355 227.6768 209.2458 168.4708 199.5297 172.9144 226.6668 213.0408 190.0567 169.4787 222.7528 230.8150 169.2594 193.0853 197.8363 177.8810 173.8252 226.9724
225.7746 214.6637 215.2702 184.0582 186.3006 209.4800 179.4961 227.8674 183.4992 173.6298 168.2488 163.3134 163.8407 172.1990 168.4369 217.3864 172.1103 218.9171 193.5112 163.4229 216.3941 193.7381 182.7482 209.9085 175.0031 183.2950 193.3337 164.7003 171.8466 189.0155 184.6032 211.1478 170.3053 163.4805 180.6552 227.8352 198.0923 224.5576 181.8280 177.5754 203.9429 166.9478 200.2057 180.8417 169.2270 229.0460 190.4016 229.0410 164.7384 173.4359 167.3585 210.9051 165.9858 187.9142 202.7985 228.8019 176.2794 212.6711 188.2580 211.9574 162.7904 213.1401 167.3522 217.4157 215.5468 199.0775 204.0249 174.0643 167.0173 217.6278
212.0643 168.2046 189.5403 204.4919 189.0878 217.9555 213.3525 168.8238 225.5344 188.2473 182.3896 215.1544 194.9430 183.2803 230.3437 166.4618 217.9373 205.1065 164.6890 217.4937 161.8938 163.4213 230.5150 176.5807 161.2238 169.7486 188.0448 161.4767 179.5682 211.9462 230.6562 215.2107 161.9695 162.3619 197.0732 169.5417 218.2683 179.0327 228.1510 168.3711 198.5484 178.0322 220.3366 166.3851 174.4496 170.4459 191.4566 176.2759 187.5571 197.4808 180.9571 203.1211 165.8835 207.9013 194.0983 205.8894 229.6642 188.3232 180.8959 162.5832 181.3012 200.8960 223.7919 166.2296 228.3129 169.5553 181.1351 177.7888 228.5724 226.3389
223.5588 194.0599 193.9502 219.2235 177.2527 195.8337 180.7174 222.5628 217.9443 172.8676 172.7096 225.4864 162.1271 162.7390 213.3045 211.5503 201.7056 182.2709 200.7236 179.5257 176.7601 161.0176 178.0334 225.4550 188.5796 214.2498 227.4908 227.0111 200.4567 217.9813 199.5554 166.7513 179.9967 184.8468 198.9738 230.0792 227.8503 225.0568 223.8302 210.5927 195.8516 162.2291 186.3535 194.0309 227.5106 201.6321 171.5719 176.2131 204.6959 191.2593 215.6162 165.2059 178.1235 182.1997 199.5835 206.4514 189.9646 167.9685 209.3984 182.7409 174.4807 183.8199 178.0308 223.7319 185.1010 163.5754 174.7657 170.1676 194.7677 226.1703
208.9578 167.0830 222.6921 191.9470 169.8511 164.0597 209.8878 194.7035 204.5925 210.0251 207.9785 164.6452 225.5294 169.1832 169.8113 161.6808 221.2450 174.4113 180.3524 173.9532 162.5520 165.8597 192.1873 196.1032 197.8490 162.5518 179.7055 205.5273 190.8193 188.4974 224.7073 214.8071 199.4466 226.2039 193.7422 214.5674 200.7158 184.4988 180.9576 168.2461 187.1672 176.2610 213.6192 192.6522 174.6837 181.0003 222.7501 172.7276 223.5021 200.2202 191.5265 189.6319 165.4610 208.1526 202.1692 230.1235 230.9253 224.7640 192.0724 198.2246 167.6594 177.8971 219.8232 187.3254 186.1603 208.0342 230.5853 182.2097 201.6085 195.4471
162.0377 187.9627 178.6452 218.4334 191.6969 180.3635 230.6419 199.9290 222.9807 177.1541 225.9959 208.0340 188.8183 175.5315 174.2500 214.8926 210.9569 164.3116 180.5183 171.9277 189.3738 200.4811 181.7768 171.6452 188.3589 176.2664 184.0708 184.0970 178.9054 170.4308 166.5855 181.6185 163.0152 219.2365 214.8267 185.6415 172.4102 226.3991 193.8689 165.2247 203.9213 179.4058 194.7394 218.4401 205.5254 177.7677 214.5308 211.9080 201.5937 167.1333 196.7584 201.5818 228.4236 217.7044 210.8129 174.3501 197.5349 210.0626 164.0991 181.1466 225.5310 204.3400 180.5947 227.0348 199.5463 194.6518 218.1168 222.1696 186.4333 216.8422
205.5414 229.6311 163.8792 224.8918 196.5844 166.8685 197.5810 160.7839 177.5247 169.8995 178.4614 189.2339 187.4258 198.4682 223.6585 175.4476 193.9943 215.0798 188.6865 211.9956 180.2062 188.2042 199.7296 173.9622 171.2236 198.9676 222.5066 222.7642 229.9282 173.3359 213.5233 191.4160 192.6069 215.1356 204.8145 171.5681 197.9361 182.2529 227.4726 183.3407 168.4343 178.0076 178.3547 175.8345 211.9793 211.0058 194.3696 168.2109 167.8174 175.7420 174.6514 170.4041 215.7337 182.8439 161.7509 175.8532 168.6955 180.1308 164.6917 203.1214 221.3349 200.5908 230.3758 217.9106 170.0942 210.9735 185.3522 197.7707 173.7201 223.9420
172.4108 202.7548 207.0656 195.6304 199.8073 190.3771 218.8339 166.0141 204.1837 163.4932 183.9828 205.7137 175.4076 190.1422 207.9947 208.7291 190.6212 173.9633 217.1171 209.1232 223.7669 190.5336 177.9754 163.8660 218.7318 220.8596 179.6720 223.8837 165.0450 196.2986 184.5974 194.8606 207.7486 214.3887 207.7002 204.4905 225.6662 208.4202 166.8900 195.6864 215.7953 209.0947 171.5799 192.7215 186.9608 168.2870 179.1146 224.3986 206.1875 184.7517 169.9755 160.1208 174.4675 209.5941 194.2061 160.1728 207.7341 194.4671 210.4591 217.6128 165.8860 213.7467 223.4305 225.9205 220.6501 220.3896 212.2173 182.9527 178.9177 186.7844
215.3109 195.8142 223.9470 212.6675 171.5217 174.9711 193.4824 178.0969 221.1221 163.3029 184.4109 221.5511 182.8852 177.8189 217.0493 207.4495 196.5047 204.4509 203.5336 176.7842 228.0837 229.6704 163.0717 180.0888 202.9993 170.6820 184.0097 229.6789 176.4660 191.5911 216.7621 170.9477 192.5516 201.2600 224.6622 191.5182 174.2292 221.5273 187.6968 185.2195 229.2896 185.0896 164.9109 188.1813 226.5850 167.6249 228.9884 169.8206 161.1231 175.6669 226.1460 202.1357 177.9933 212.3342 203.0143 188.5107 175.9668 165.2646 216.6206 175.1912 168.8868 172.0068 219.9390 187.6911 226.6372 229.6817 225.7255 165.6593 218.5658 190.9438
174.5196 161.1496 176.7247 162.1405 188.7595 227.8141 160.1854 179.1004 167.9317 171.2727 160.9913 208.1630 228.5580 175.7973 160.0136 196.9041 182.6043 163.4933 230.0950 211.5086 161.5941 230.3638 204.3843 199.8950 163.3024 165.9942 171.6907 172.5056 224.4146 198.1112 212.0224 224.1435 217.9449 166.9371 222.2102 190.3571 160.5246 210.0872 229.6655 195.6536 227.8970 210.7361 228.8703 196.2556 201.0838 168.9218 183.1588 180.2079 210.7239 168.1453 209.7105 161.3859 228.0287 206.8761 175.4487 163.3626 223.6463 192.1808 176.7118 191.1503 223.4820 178.4535 168.1512 166.5478 229.1832 199.1454 175.2956 227.1970 186.5645 180.4686
186.6199 172.4819 189.7229 192.2766 160.7554 171.0842 214.9716 196.7164 216.6907 209.3559 174.0089 190.7864 201.4208 194.6612 176.9284 170.6381 186.5286 216.4955 162.7794 201.3140 222.6052 225.5005 214.3858 164.6273 161.2511 212.4568 160.0488 211.0590 218.6377 168.9599 212.5716 216.8707 214.2562 222.7640 217.7695 182.1162 197.5301 213.7094 220.2601 173.8689 219.4287 173.7456 162.8617 182.7804 196.0796 167.8033 206.3724 167.0308 174.6522 216.1760 216.8505 186.8421 165.4586 174.6304 167.7716 228.9867 168.3016 185.6792 183.5981 174.1416 160.5912 221.3238 186.3664 230.5149 205.6416 212.1025 193.8683 208.9033 176.8685 173.4623
220.8847 200.2250 200.3087 193.3167 213.7141 212.6180 174.0028 196.1459 180.9334 188.3943 165.3002 205.1500 164.9239 200.4938 228.0711 164.7773 201.2040 212.6004 168.1477 190.4120 223.0165 176.7441 223.0497 167.1311 190.9412 176.0452 230.2005 181.2162 183.5225 214.2335 229.3895 198.5425 206.0343 188.7145 202.1934 169.0561 224.5401 174.2501 199.4346 224.2991 217.3470 168.7679 170.5270 163.3447 193.8042 196.4242 207.7320 203.5655 190.1477 169.8038 223.9345 201.3708 172.7569 226.0630 190.5366 187.4247 216.7547 185.8934 197.4609 203.8824 202.3571 178.4200 182.0596 189.8672 217.7575 168.5288 188.9313 177.7527 173.6181 196.6703
183.2628 203.8103 200.4305 208.8791 223.3338 172.4358 200.1118 189.6097 189.2484 169.4795 216.1993 164.0006 194.7916 204.1689 190.9267 165.3476 227.5459 198.7343 178.2750 164.8925 229.0520 213.1294 181.8190 172.5139 177.8463 226.1694 222.8191 172.5467 187.6668 163.0022 168.5440 197.7485 206.9851 202.0754 230.2519 189.3827 216.2896 217.6647 161.6079 188.4939 196.2241 160.5882 180.5684 188.7143 216.7677 224.9481 193.9260 219.3589 185.1328 215.6123 168.7744 193.1413 167.9512 204.6790 169.1275 203.5750 227.6215 210.3471 167.8064 163.0120 216.3992 169.4620 188.4939 169.3135 218.9246 212.4999 198.5485 192.3502 182.4042 204.9065
226.7698 167.8829 225.5874 188.5181 216.8093 217.8904 167.0152 226.2578 196.3349 204.0769 184.7549 178.4203 198.3729 184.1188 175.9809 208.6386 180.4744 225.1924 219.3148 199.0612 162.4861 195.4600 223.7926 194.3564 200.7366 162.4863 173.6959 226.9102 170.3964 213.0089 225.2497 190.9865 172.6162 166.0910 227.3701 194.6769 175.8024 162.4481 168.2250 170.1856 176.0516 190.6590 207.3625 162.3645 160.3321 179.0482 208.5559 218.4435 192.4740 172.2545 225.3170 227.5848 173.4102 214.8939 230.2357 197.2309 172.3963 177.2626 173.9205 160.2145 220.1289 197.7315 214.3325 160.2485 223.7821 211.3362 165.7351 171.7276 174.9856 192.0816
220.3107 199.7365 164.6798 226.6480 162.7399 216.7828 170.5996 193.5113 205.6801 210.0500 203.8633 198.9699 225.1329 184.9014 180.7728 203.2120 193.1507 161.9576 187.4657 208.3466 211.1930 191.3140 209.5061 197.2752 194.7161 168.3714 203.8443 178.3854 190.2552 208.3115 197.8357 203.3123 166.3432 185.4632 213.1663 225.4299 188.0962 229.6803 226.6023 196.3128 208.1940 219.3767 225.4526 161.1379 188.2852 171.0538 220.5163 202.8843 175.5535 227.9899 203.0680 194.2333 163.2970 168.2640 227.1330 181.2706 175.8921 215.4371 184.8964 226.4504 199.4412 169.0225 174.6000 216.7906 164.7357 183.3460 168.6892 208.9420 174.9056 216.5153
168.2908 199.5945 168.2714 222.9980 181.3253 229.6690 189.4675 164.7427 221.6882 161.8794 228.8630 188.8672 164.9702 169.5417 161.6705 177.6854 210.1293 226.9615 203.9033 169.2476 169.3741 205.3328 175.5203 213.6301 165.2776 222.8473 196.6778 186.9224 195.7951 207.6310 203.9989 168.2361 208.4334 169.1993 219.1668 221.0855 177.2881 179.3552 206.9477 226.1750 182.0471 173.8408 173.9607 169.9702 174.3456 200.5981 214.1219 168.4251 173.0476 183.1939 223.7151 200.8926 207.1303 219.8201 173.4646 204.5535 218.8509 224.2955 176.8201 217.6671 214.7870 217.6608 163.9038 198.5666 193.1597 174.2860 202.2120 190.6012 228.5714 229.8906
192.2215 225.1630 167.9195 211.5142 188.5003 199.5253 192.7862 202.2689 207.7960 166.4680 214.0430 227.6552 173.8378 187.5666 210.7605 164.3309 193.2688 216.5849 190.7670 171.4827 164.2093 165.6222 207.3618 171.3709 168.4359 161.5425 181.7546 182.1930 178.0639 173.7392 211.7793 210.1421 184.9151 164.4724 168.3061 193.4241 220.4670 171.8599 171.5659 181.0433 219.3897 193.0973 180.2915 213.3636 180.1986 189.6368 229.1775 165.8105 198.4795 200.8635 189.6693 220.5919 226.4720 208.2764 227.4984 220.9838 208.5398 215.2976 178.7027 230.5531 229.2007 190.6186 169.0902 219.6698 163.9394 230.4214 160.2382 162.8003 211.9878 189.9069
185.1530 201.3669 176.6176 168.3064 181.6593 160.4073 175.2638 207.9596 173.4374 179.8762 206.9724 168.0989 218.3787 214.1939 185.2497 174.6958 228.5951 182.5637 224.3795 168.0999 224.9815 213.6573 195.6697 188.2255 224.7062 188.4972 223.8927 178.7294 219.3842 182.7549 180.3901 169.9600 216.9726 175.2244 211.9283 225.4592 166.6217 210.9337 184.4109 181.4490 180.8140 218.2132 168.9817 209.0444 215.1253 179.0490 200.8836 175.9028 175.8573 214.2240 226.6792 177.6374 176.6060 191.0692 168.0838 227.6059 203.5543 222.1324 225.7142 176.6152 172.9062 215.7092 161.5121 199.6783 198.4197 203.9723 212.4697 186.2022 169.4318 163.3888
226.5503 209.8932 200.1245 163.2197 168.3776 166.2215 216.0295 204.1584 182.3487 193.5067 199.9351 172.5855 219.3146 173.5549 160.4225 195.4893 223.8692 175.3072 218.2356 160.8378 169.5872 192.1457 211.5662 170.0700 220.2618 216.3411 183.1218 185.4226 166.3052 176.6248 194.5397 169.0062 204.9978 204.0225 182.3044 195.9026 190.1950 229.8927 188.8340 171.0665 204.4384 200.5834 220.8114 179.4843 172.1533 220.2395 210.1521 182.8694 182.7619 181.0717 186.2264 224.1512 225.0929 221.8351 175.0825 166.1568 222.4269 178.3531 174.4514 169.1753 169.8794 163.6708 189.2613 174.5468 196.5965 168.8262 226.2328 207.0233 184.4117 169.2854
220.8847 204.4119 213.1995 172.8051 198.9392 216.9300 178.1458 165.8569 161.6852 190.7765 220.5550 198.7779 210.3277 228.6561 168.6130 197.4928 198.7364 198.3783 194.7343 160.9991 212.2889 192.2014 217.7338 220.7996 181.6975 192.2875 187.0887 175.1206 230.8080 196.4924 226.9770 198.0660 184.3623 165.7300 189.6165 206.8202 163.6295 224.3135 216.6661 161.6380 179.6253 227.0075 165.0957 193.6338 176.3657 161.0021 196.9836 167.3224 198.2287 172.6592 181.1595 186.4489 194.0353 208.6764 194.4728 178.8972 160.9028 180.2609 168.7385 165.3658 173.2717 218.0162 187.0894 189.0626 169.7640 180.5043 173.5459 187.8835 228.6888 230.8653
168.1029 166.4141 170.0827 215.4530 175.5325 213.6186 194.1420 169.1756 191.3981 201.2704 170.7857 199.1172 221.4866 161.0121 173.8747 172.0626 210.9794 189.4372 164.3044 229.7443 173.2031 169.7332 192.7854 217.9914 199.7258 205.2394 215.6345 185.4682 185.9012 228.7359 184.3069 229.3631 204.7000 186.4039 224.7188 214.2119 201.8124 189.1756 160.6338 168.0202 180.5610 176.6247 160.5160 163.9894 185.1171 229.6431 174.2871 169.4426 230.8811 179.8923 208.3711 211.9993 187.6556 190.4234 178.2545 178.6511 185.4189 170.9203 167.5481 195.1566 199.0876 222.7340 167.1949 183.0900 209.6475 180.2494 161.0397 199.9554 202.4273 188.1540
165.4440 168.0073 199.0906 204.8631 207.0170 163.8091 189.1304 166.6961 173.8112 228.1023 198.2657 211.3951 178.5325 190.2605 227.1566 170.2327 179.4044 227.4601 184.2862 210.2619 226.3392 176.7081 195.6857 185.2305 211.9724 191.0428 174.4224 172.3017 192.9403 160.5416 170.4120 180.0019 208.5015 178.2565 207.1729 216.7523 176.2310 188.8330 213.5928 194.9294 201.0571 192.3635 183.6470 173.6494 179.3474 169.9753 170.2764 183.3713 191.1051 215.7603 207.3079 194.9778 167.5848 217.9164 193.3872 213.2036 219.8052 184.3895 176.3793 161.1574 182.4986 180.8795 160.5906 197.2083 209.0112 204.8061 198.4648 187.6961 193.5522 165.7173
203.1169 192.7613 210.9686 228.6675 185.1809 193.0912 176.9235 215.2929 181.9672 199.5302 160.9466 199.6666 185.8556 201.3119 218.3350 230.5322 174.1785 161.1374 209.2937 166.1776 163.5917 174.4449 173.0188 195.0431 188.0737 215.9957 177.6546 189.1337 228.2469 188.3345 180.1823 203.4450 228.6719 164.7739 189.3365 212.9076 203.1309 207.3001 176.5857 179.8033 161.6850 187.1988 173.0640 178.2121 195.4703 229.2622 216.0951 198.8148 178.7760 167.1511 167.6096 173.2920 165.9422 204.8601 163.3261 230.6362 184.0057 172.2622 181.0393 180.9267 212.8276 206.3918 229.7379 191.5023 167.6425 160.4688 209.5609 173.0124 162.5841 170.6600
178.7951 207.5273 188.7617 178.2322 171.2130 179.7435 195.8907 186.0543 172.0570 166.3341 169.3102 224.3795 162.8845 225.6632 201.4639 204.4529 219.3102 200.4061 167.5617 168.7741 207.4002 202.1028 186.1958 209.7758 211.1063 181.3057 227.1386 163.2714 205.6639 194.7787 173.4170 176.2709 200.3183 198.1551 177.0274 199.6685 199.0948 226.5669 184.3320 182.8651 203.5800 201.0222 201.2606 223.6027 173.8468 199.7250 226.9306 193.1632 221.7193 195.1080 203.1944 212.6083 164.5485 195.0803 187.9247 168.9259 204.5520 160.8783 216.5552 191.7863 223.5524 206.9543 194.5114 184.1091 199.6464 201.5356 169.6819 165.7964 164.9312 227.8432
179.0135 217.7963 183.9230 201.4752 161.6398 211.1259 200.7101 172.1229 190.6983 216.6070 223.2041 163.6197 223.1317 181.8446 216.0732 188.2990 166.3246 201.4122 226.0737 186.7770 214.3816 197.3018 222.5310 171.5717 172.2199 218.4392 178.6632 165.4161 171.4176 225.4725 177.2902 168.7337 164.9376 220.0983 169.2257 210.5048 184.4288 195.9091 193.3105 168.6716 171.7956 203.1126 177.6118 213.3051 206.1232 208.5080 207.7899 161.9903 222.8468 217.7837 169.0098 177.2691 162.2612 172.5449 213.0642 169.5302 208.0822 165.4749 160.5650 215.4311 175.7907 194.6883 191.1607 186.7952 183.9175 184.6437 173.7400 177.9405 187.2607 211.9475
201.4943 162.5635 188.2645 160.0067 172.5299 161.6292 171.4375 207.7614 190.4423 176.1982 225.7364 173.6673 195.8958 170.7589 210.3008 176.6862 199.7895 167.4295 166.7905 183.2898 181.0292 176.3418 195.8440 214.3885 223.2784 172.6261 207.8562 170.6508 195.3112 179.6808 179.3560 183.9010 207.7557 170.8264 162.7513 208.1505 205.0803 170.0218 190.1094 169.3475 227.6515 162.0492 208.9359 216.1163 198.5702 220.4647 226.6305 222.5947 213.7799 170.6527 224.4055 209.9792 181.6330 209.5253 216.9784 166.5372 201.7000 168.7614 193.2742 215.6573 182.1100 211.9952 218.7068 184.9740 202.1248 229.0317 190.3478 178.7259 208.9630 224.9920
223.4366 175.2817 169.1165 186.2733 222.2386 221.2088 202.5309 206.3453 200.2132 173.3429 203.0567 203.6988 176.8224 167.0708 173.5229 195.7139 230.0755 212.4364 163.6293 181.8187 160.0881 183.7441 216.6134 169.0763 175.5116 210.0457 227.3048 174.2522 200.6813 182.2715 189.7504 187.4924 188.7273 213.7941 186.0646 229.9743 179.6915 163.8968 173.5420 211.2772 169.9039 193.9616 218.3523 191.7665 168.4862 194.1857 169.3331 165.9841 173.8692 175.2925 215.4920 171.8931 199.6390 162.0089 180.8365 214.8410 168.8594 208.0495 221.0602 162.2703 225.2561 183.9691 165.4309 219.5336 230.2969 193.5219 197.9511 207.6503 164.2493 172.1045
193.4900 161.4807 174.7596 212.4444 214.1225 187.5865 223.3582 161.9500 174.3548 166.9963 164.5680 211.0343 206.2608 175.2032 194.9707 177.2895 164.8138 229.9824 213.6649 201.6033 223.8540 226.0360 190.0442 168.1792 160.2031 199.0480 213.7150 182.9522 209.4101 215.4642 209.6770 167.0768 180.4902 211.1973 196.5987 163.0033 183.8096 211.5048 200.1311 186.1556 172.9549 163.4837 211.7271 213.3799 198.0310 209.9866 173.3579 222.1378 220.3308 169.2719 165.8527 185.8891 208.7359 184.3746 209.3259 196.2278 195.5198 175.0044 219.3027 173.1138 175.4540 202.7644 209.7036 194.9786 209.2435 227.6162 208.8105 215.5728 183.3549 225.8158
212.6956 216.1714 193.2453 173.9918 169.3703 194.1547 215.8451 166.6450 189.0847 216.0433 205.9051 176.1105 162.7918 183.7830 204.4795 178.9451 212.7809 217.4421 176.3813 175.7722 195.8797 213.5200 167.9245 179.8550 175.4256 223.7425 208.6423 174.0507 197.4150 219.5655 170.9614 211.3451 162.8554 214.6045 198.0013 163.8675 163.3623 180.8579 206.7685 185.1400 171.4731 218.9069 183.0182 219.3309 188.9805 180.2350 175.9704 164.4481 162.8287 167.4368 206.8804 194.7355 175.7612 219.3609 227.1921 176.0166 220.9598 179.1681 208.6274 160.3656 211.3723 165.8766 176.1066 188.2827 202.2938 189.2112 161.8312 190.4982 222.0306 209.4809
186.2145 191.6388 191.1609 166.7641 187.5968 177.2491 200.9806 215.8991 186.8437 198.0837 203.2199 169.6501 203.9955 172.1577 198.0050 205.9455 206.1066 218.7767 162.3470 188.2707 176.2943 212.6537 171.1423 179.1386 191.8051 207.2658 167.7888 207.0582 181.5946 182.8015 224.0376 180.5738 188.5196 170.4092 165.6301 192.7591 174.7442 199.9662 188.6024 161.0128 210.3716 177.2596 180.8767 195.1300 210.6348 176.2953 209.9086 214.3945 221.1973 162.4299 168.7053 198.8791 162.2495 215.1623 197.4940 172.2266 173.1213 195.7120 219.6797 176.9338 190.0718 214.9642 187.5027 168.5634 204.7685 199.9656 164.9857 196.3681 182.7218 207.9199
165.3386 160.5276 215.6015 192.5490 230.9841 220.5705 205.9304 169.7625 212.7563 228.5826 206.1232 222.8091 166.6333 167.4854 172.2172 229.4702 186.5654 168.0131 168.9323 211.4023 198.5820 203.0091 189.8827 225.4314 183.3744 165.3201 169.8694 208.4642 194.9832 183.8732 185.1806 203.6870 165.0498 226.4880 187.7430 210.8988 218.3301 206.5974 174.7821 224.1453 230.8163 194.3304 227.3730 194.3052 162.8634 196.3427 170.8956 194.9146 192.1728 219.3726 191.9400 180.3138 190.3540 179.7487 212.6554 212.1461 202.0522 218.9757 227.8792 221.3486 187.3079 222.0859 226.6426 177.0342 219.8982 185.6622 221.8065 180.0873 167.8969 186.3046
174.6512 201.8660 176.5876 213.8476 165.2158 227.1384 211.1654 191.8141 211.0633 177.2676 217.3707 177.4367 171.9347 174.7033 187.3124 210.0726 203.4456 178.0383 181.2589 227.9905 186.5788 185.2452 222.1022 220.3207 165.2322 194.2204 228.5327 194.4216 228.4901 215.4327 200.7021 172.0405 179.6049 176.2970 175.2973 177.4246 168.9004 210.8779 216.4994 185.9714 192.9358 201.6628 201.2610 181.0991 221.3070 206.4396 167.6979 168.7663 186.4052 189.7640 194.1627 198.4708 176.2981 189.1091 188.7448 188.6188 175.6577 180.5486 168.5231 184.8707 229.3175 171.7505 217.8886 160.4436 191.6096 225.1254 187.6474 194.3755 198.1065 191.2132
172.4193 207.4436 201.7720 160.7728 169.0528 196.7701 195.8109 203.5870 181.3911 227.1430 178.7015 192.6950 230.7488 191.7365 208.9913 204.6190 225.8783 161.2215 221.4427 222.1673 230.0451 192.2271 200.0261 195.5620 213.0662 208.7292 216.0755 190.9673 163.8122 208.2299 169.6443 177.9741 198.7265 170.5156 185.7306 174.2351 161.3717 166.3819 209.5763 210.2384 216.8787 177.9541 183.6858 219.1577 194.4422 210.1378 180.5620 190.8234 184.6882 199.2945 201.4075 174.1223 192.8146 172.4512 175.2043 186.5521 210.9022 195.2252 202.6502 216.2318 192.6851 214.1759 168.4047 192.4011 188.3724 224.4768 230.9766 187.3291 184.8201 177.6433
213.3718 189.5977 175.4686 199.5503 229.3128 176.9226 197.9791 163.1233 213.4387 216.0354 226.4308 167.9006 162.4008 178.6586 184.2722 209.1262 171.1791 196.2773 209.9619 223.1580 223.2626 216.2356 173.3758 217.7520 194.5599 192.6665 198.6124 220.2196 193.0376 168.9035 195.7856 162.5445 201.1177 166.3133 182.7565 202.2932 216.8093 224.9433 227.5294 199.5573 191.3996 220.9787 167.2113 228.2241 176.2809 202.7721 219.0179 209.5882 227.1543 210.1238 224.8000 184.6893 161.4168 227.5668 161.9573 217.7896 163.0129 217.6445 229.4092 205.0884 192.4104 161.5520 214.5016 221.1120 198.6479 193.0612 168.3411 208.2158 224.5930 174.3462
160.0686 170.2866 176.6480 172.1830 225.0128 168.0440 170.1471 179.0115 167.4958 169.3055 182.5976 201.5152 208.3010 192.2016 163.7366 214.6996 202.4631 183.6057 229.0985 189.9314 161.0856 202.9779 227.4172 216.0408 223.3566 213.4137 178.7234 202.3776 167.7904 177.9343 208.4417 204.6694 196.9997 205.9585 202.1374 164.6294 180.9741 221.4577 167.8214 195.5297 222.9283 226.5091 166.8786 182.3712 166.2701 186.8349 182.7586 172.8582 181.1340 171.4448 201.5330 168.1170 183.2284 167.6817 168.3125 219.9852 204.4532 203.8137 167.2945 200.7421 202.8571 230.8088 222.9121 174.3519 189.0258 174.0880 219.1470 160.6460 172.9180 182.8550
205.5796 225.3860 179.5011 165.0723 211.1567 226.8148 191.2741 172.2722 205.9768 200.1314 171.9156 189.1715 227.6145 172.3042 197.8413 168.4914 172.6391 199.7762 198.4185 189.4767 212.0139 225.9108 173.9447 207.3544 211.0090 215.4731 169.2715 162.3751 216.1063 224.0533 217.1301 161.1411 171.1331 192.0973 163.7974 186.6404 220.5184 181.1308 195.7321 194.7760 193.1362 184.8367 223.2048 162.2130 208.6729 180.8799 173.7486 204.0445 226.8347 176.7576 209.4633 195.1238 213.9989 228.4992 227.8232 201.9026 169.1037 173.7421 163.6556 202.2721 192.6709 181.5599 178.3866 186.2108 182.8603 184.4406 205.4829 218.0110 200.3651 180.9736
222.2565 230.4746 181.7771 161.1343 177.8476 203.7513 162.7707 186.5358 220.2480 224.4237 191.0886 215.6521 169.6914 164.0366 167.8445 229.8153 188.5950 198.5124 230.1035 222.7366 170.5127 208.8013 180.0474 190.4079 208.2329 211.6718 186.2876 187.5041 188.2396 228.7637 202.0510 225.8254 208.2436 178.8978 223.0285 178.8919 187.3853 204.1657 203.6525 220.5383 165.0146 172.5053 228.4475 170.2388 177.6597 177.3125 163.8859 220.9424 164.9107 218.1311 184.8705 221.3926 216.4655 162.6221 225.5685 160.2683 169.5117 186.8184 161.8215 167.9893 198.9515 206.1398 223.7705 186.7040 212.7147 173.7635 160.6525 169.7985 211.5523 199.7251
177.9455 178.2493 208.2536 213.5576 169.1728 199.2796 211.1874 206.3692 192.7113 173.0723 199.4348 218.0059 221.8903 175.7433 201.5467 164.3486 219.5187 219.3867 161.1416 162.8553 169.7295 161.7626 165.1380 225.1723 199.6962 228.1211 169.4065 202.0132 174.3381 181.7289 230.0230 179.5304 197.6097 190.8970 229.1039 170.0898 162.3462 183.6960 191.4157 218.7001 205.9244 187.0882 177.5617 230.3446 198.1912 167.9085 227.5713 210.1166 177.2086 166.9787 220.1453 164.3709 195.3720 172.6572 205.6393 173.0660 166.3664 161.2898 184.1125 218.0990 185.2452 224.3577 204.4084 181.7071 229.6383 161.5959 161.2915 202.9507 182.7268 199.9957
221.1173 169.8789 198.1575 197.3981 225.3813 225.2271 227.5130 162.3338 203.7586 184.4016 205.3011 195.8754 211.9278 208.0613 212.6833 199.5246 204.5508 194.8272 202.3228 188.5831 188.2733 206.5188 166.7983 225.0239 230.5040 194.8471 218.0073 203.6174 163.0326 168.6771 205.8572 211.9496 196.2561 182.8142 172.3338 177.0169 167.8952 210.7663 220.7262 204.2802 214.6042 169.0855 168.3858 176.4189 204.8049 170.7037 169.9034 211.5369 224.4071 220.1434 217.9981 219.2417 221.8175 197.6032 216.7309 173.8450 216.7859 176.7019 181.8764 169.9108 206.1871 208.0924 223.4200 214.5186 199.7966 213.2550 202.1801 191.9005 214.4820 162.5193
210.5005 208.5628 160.0019 190.7744 171.8048 164.6081 182.7815 226.3802 220.5591 169.7378 217.6175 175.5134 195.8541 185.3320 172.2530 161.5512 168.3789 180.0812 178.1589 169.1242 208.0387 195.8733 213.6619 205.1557 206.8444 196.0301 211.7637 196.5451 168.9898 222.5280 221.6137 220.1486 205.2243 206.5402 192.6162 210.3661 213.7272 221.4935 163.5797 213.9511 208.6960 202.8450 172.1499 226.6274 171.7690 205.9543 216.0071 200.7165 224.2251 212.7496 168.9527 217.2607 188.6210 182.3704 224.0641 173.0597 187.1624 222.6048 184.5519 208.6282 175.6354 167.7351 191.8209 162.3330 200.1730 211.3544 229.5041 204.8669 206.4753 184.8236
220.9174 216.7790 193.3593 161.3017 189.4655 179.9963 198.6752 229.7004 205.0178 176.1434 172.6926 223.4889 220.1694 176.9948 199.0343 220.0071 218.6044 176.5800 200.1154 223.8337 215.4854 182.3027 191.8311 185.7970 161.9093 210.9292 212.9285 225.4190 177.9871 160.4598 213.0985 179.9396 177.0365 169.7021 221.3256 176.5783 230.7036 161.8322 224.4470 191.3621 181.5746 209.3535 179.1892 176.6728 226.9806 203.6380 202.1734 183.6476 162.2504 194.6735 222.5107 207.7046 199.6272 195.7266 230.6457 166.7612 207.4247 219.3822 228.0480 213.1593 210.7735 218.8211 163.1999 187.9216 171.4812 175.2579 214.0844 218.7242 167.1158 182.1778
215.0383 200.8887 162.4092 168.3810 189.4012 213.7753 201.4742 172.8732 217.8677 224.1864 185.1300 199.3267 229.8277 197.7791 209.8387 166.1724 189.2653 220.0312 174.3696 195.3873 214.9828 187.0012 219.3302 162.6882 185.0102 216.9836 174.1264 187.1569 200.0694 191.1696 173.7510 222.2866 224.8704 229.5954 219.0361 175.0596 207.8370 195.9842 160.6517 202.9469 162.5812 215.5685 224.1847 186.6549 225.0746 165.6190 165.0897 178.0320 225.0057 211.1984 166.1688 216.8006 217.2472 161.6105 169.5051 180.6769 174.7139 176.1193 226.4558 186.0062 194.1398 172.7774 174.3896 208.2525 194.4695 169.6213 163.3440 198.5582 207.6218 215.0655
197.6753 205.1112 168.3623 175.0601 170.0727 177.2504 178.8949 230.4635 195.0176 172.0715 219.5754 186.1264 176.8847 190.8003 183.8378 209.3822 170.3988 176.3490 176.0239 178.9973 194.0906 165.2830 219.3122 181.1446 217.7282 217.8901 182.3545 166.6372 202.4360 223.1671 194.5408 199.4780 183.3647 173.3166 171.0447 182.7688 176.3225 221.7815 205.9233 160.1555 164.7369 200.9362 195.5883 167.2827 225.6840 188.2979 168.9022 193.1797 188.4870 193.5292 208.0068 161.1069 207.5676 160.5587 174.7416 213.1544 176.8143 160.8642 171.1748 173.8036 218.7208 225.3344 181.3335 162.7371 178.9445 206.1539 205.6970 180.4144 162.7361 186.8408
219.3930 211.3187 209.8991 227.9054 187.3260 222.3228 198.5527 185.5993 190.6577 206.3241 184.9923 174.8728 196.1584 219.1537 177.3673 168.9718 212.9530 211.7777 196.7308 221.0697 175.0977 227.9789 171.2536 174.9516 160.2376 196.0293 227.0410 221.0474 190.3232 210.3495 171.0425 227.0438 190.9914 216.7844 173.0020 184.8973 193.7511 181.9227 219.2625 191.3161 198.5608 169.8335 181.5066 176.6832 207.7285 168.7046 160.1926 223.9522 200.3230 221.1251 221.5302 225.2617 172.4465 207.1773 185.3264 223.8903 176.7828 180.0766 181.9295 178.6963 222.8128 210.8295 199.8005 228.3779 163.9668 188.2679 192.9493 161.7238 188.7694 167.8617
192.5864 184.5262 192.7258 230.9121 227.8628 164.9790 193.2963 188.0840 198.4971 172.1944 189.8109 201.7485 168.4200 166.9354 190.5879 216.2768 213.3095 175.7879 161.8353 188.2504 177.0310 221.7679 205.1411 171.5337 160.5528 167.8008 173.4851 181.2954 222.8605 202.5956 168.7428 186.3559 200.7643 211.1855 163.5937 227.6897 167.2571 224.8115 184.5956 165.5186 219.2630 199.8813 181.9405 228.1927 184.1963 171.4557 168.0696 191.9773 171.7416 193.0841 208.8908 173.9360 227.6599 167.8395 229.8191 216.3354 193.2285 184.0892 193.2359 200.3811 202.1299 218.8769 181.2520 165.6410 230.2193 176.7890 178.8512 229.2107 162.6210 173.8321
216.5899 223.5333 168.0299 200.1579 223.0314 202.7977 215.9292 184.4373 212.0083 201.0084 176.6715 194.3067 207.6192 208.1468 230.0204 202.5908 206.5941 185.3226 223.7971 204.9372 227.2891 215.4535 188.7366 195.0904 214.1091 192.8052 175.5231 169.2815 183.6000 173.6735 160.2432 161.1096 217.7977 210.5969 179.1730 172.8550 165.6804 209.7498 179.8967 206.3745 221.7274 189.5876 196.2479 176.6079 201.6585 180.3887 216.4541 225.2468 218.3997 217.0685 163.1715 209.3053 186.2012 226.5323 184.8040 228.1720 198.6205 224.8722 170.6120 182.2190 212.7751 184.9199 218.6423 213.1979 161.8677 160.0172 205.4311 192.4622 163.4929 220.3838
169.7698 219.5210 165.6443 176.1283 163.5611 172.5504 174.6582 176.7739 226.9365 209.2693 200.5557 186.1519 222.3613 205.0188 199.3719 205.6552 170.4092 212.9759 201.0993 197.1346 209.2528 160.1800 182.8142 211.1739 211.6880 191.4528 189.4037 160.0865 230.6853 197.3526 228.0646 197.7347 162.0468 187.0203 162.4085 185.1978 193.7334 167.1437 219.5739 166.3857 171.8247 218.3002 183.2191 185.9278 164.8761 204.6165 225.6507 230.0549 224.6428 201.0294 208.6281 161.7362 168.7585 166.4264 200.5766 167.0315 164.9737 209.5999 175.0404 175.4775 212.9873 205.2556 160.2127 166.3392 182.7379 203.2846 220.2892 188.7251 172.2598 177.1298
189.2108 188.8926 186.8541 167.3532 164.0833 163.5477 178.3790 212.4493 161.1929 228.5852 201.9183 192.5376 214.0721 172.5059 176.9541 191.8147 175.5120 181.6997 206.4386 220.5519 211.7679 168.8886 202.8375 177.9806 223.4573 188.2877 203.2998 182.6258 214.8128 173.4592 209.5992 171.5199 166.0178 174.4123 168.3855 165.2566 180.3290 192.2307 183.5899 190.0289 207.5664 227.3985 168.5317 206.6386 198.3410 203.0399 187.3924 183.9569 171.0795 203.4856 168.2394 206.4756 187.5074 201.9393 175.7133 207.3911 228.7532 169.5261 230.8202 207.1344 179.6507 161.6769 209.0149 214.3800 219.1314 188.6262 192.9022 208.3453 170.8241 192.7832
166.4385 179.6264 185.1081 169.8721 173.4712 164.9082 215.9024 161.0350 160.8200 211.6322 217.4166 222.5359 169.8729 209.1099 228.9362 191.3157 202.8479 223.6280 210.4710 171.4073 221.4526 178.8101 196.7574 163.1409 201.6657 203.8674 204.6700 186.1438 168.7573 200.4036 209.5742 209.3700 220.4682 183.1207 166.5301 171.7851 219.4765 191.1148 228.5442 178.8719 230.8929 220.4477 222.2582 196.8263 208.5475 166.3325 185.5628 192.1664 191.2579 225.5833 160.6285 186.4933 201.1005 204.9414 216.7573 169.3080 219.9465 198.5168 182.2771 190.1164 200.1702 207.8574 206.4223 169.5345 220.4888 172.0977 221.7766 171.7450 174.3487 182.2244
174.3872 190.4477 211.1425 172.7494 213.1053 170.4001 167.8056 190.9779 212.0525 200.7474 202.0222 189.6235 186.3726 207.6066 227.3523 214.7353 170.5833 213.7866 215.0789 204.7760 160.9158 178.1020 228.4744 219.2166 164.9993 230.4695 188.4801 162.1983 210.1298 206.8649 164.5096 191.6552 207.1482 190.2594 166.1913 171.7838 205.6441 223.8583 163.3957 170.9045 230.8020 227.3181 216.8101 172.5638 213.7103 197.1322 171.6656 220.1976 207.3641 217.0452 196.9529 207.7929 230.9129 179.1792 174.6138 223.7672 174.9242 222.5374 194.7455 170.7175 168.5668 174.6897 168.8114 212.7827 188.6520 171.7364 198.2189 174.1087 215.4150 220.0983
219.3944 226.3117 183.7651 160.2866 185.6596 196.8911 184.4902 221.5692 208.8022 166.2623 205.5617 180.3702 165.2165 200.4505 205.2522 163.3116 189.8906 170.5141 207.2543 160.0408 230.3148 181.4529 184.3657 182.3731 218.5962 194.6948 223.5949 227.8240 186.6775 173.2545 223.7316 221.3034 181.5783 197.3080 186.5276 212.6052 224.0057 177.2380 181.6343 178.3328 178.5121 226.1720 230.3595 178.0738 176.6175 229.6542 204.1191 213.9618 222.9615 184.3735 227.1853 222.2430 209.5977 225.8030 195.9625 192.1047 183.0059 181.1960 176.5567 194.8160 208.2580 166.6352 191.8494 197.1818 171.0464 180.7277 174.6326 230.4161 211.9589 163.1065
194.6189 206.8058 165.4684 192.1073 225.2997 220.9523 177.5940 177.8669 168.6939 211.9562 222.0856 183.6149 167.0016 185.6389 163.2875 216.1163 226.0570 176.7860 203.5411 208.0632 187.2641 187.4381 223.1057 192.7094 217.3849 176.4561 172.0919 219.1986 162.1557 196.9465 182.8333 170.8413 209.2064 209.6404 225.4521 194.0672 170.1712 223.9939 184.1150 230.8960 222.1966 162.5985 161.6209 223.5536 166.2762 161.4747 170.5138 179.2898 201.9696 167.9580 202.8713 201.5496 212.1025 165.1805 164.2861 221.3920 197.9845 180.6026 214.3243 220.4593 164.5303 163.6545 204.9249 221.8537 190.4269 218.3102 228.7859 177.9982 175.1470 182.3367
221.7714 180.9289 221.1799 163.0346 183.7715 196.4934 196.3215 189.5191 164.2462 170.6176 214.2476 226.9771 163.8941 191.1404 198.8797 214.8811 169.5009 206.7146 191.2435 183.8404 167.0417 212.9267 214.6224 179.6245 221.5404 203.0951 191.8091 176.9116 160.0197 208.1753 164.1725 200.4768 169.1170 161.8194 178.0739 188.8667 171.5848 183.9186 211.8888 212.0836 182.9477 183.8893 169.5217 225.4426 183.0450 183.5573 195.8376 200.5588 229.0535 172.7373 166.8751 217.3706 166.8525 170.5132 174.0564 227.2127 162.2747 195.7807 222.8622 191.2158 228.8645 216.8306 213.6022 202.7262 176.2591 172.6239 191.9795 205.0173 212.1985 205.9365
205.1191 227.2928 192.4776 184.7391 227.6126 162.8732 195.8569 185.0135 173.9157 218.4960 205.0653 204.7092 180.1291 213.8658 180.5480 210.6942 168.7898 205.9425 217.5400 215.3632 217.8074 185.9705 221.3774 216.0344 205.0886 187.9211 172.6992 226.3873 173.7128 203.8437 226.3375 165.9701 162.7428 161.6054 221.2453 211.2440 222.8870 217.6335 223.7694 217.7183 179.2635 178.5717 207.9408 196.4802 208.4612 224.2092 182.2237 172.8256 197.9386 176.6501 167.3437 182.7561 169.5588 214.4517 226.3957 205.8241 222.7188 228.3793 174.4242 168.1793 171.0986 217.5022 205.0614 190.6999 193.5303 221.5840 215.6134 179.7728 171.8645 223.1112
189.1890 205.6324 173.0030 201.8448 192.0842 164.1614 207.4516 208.4837 199.6522 184.7108 209.8524 176.8800 174.3168 168.8080 181.9554 210.2652 196.2220 230.5847 223.4028 213.1090 207.2469 203.3807 166.5149 168.5625 230.7612 212.2567 166.9917 209.9165 215.5508 223.0843 181.0739 214.1434 194.7978 186.4727 172.2417 170.3871 166.8648 194.0370 216.9742 161.2116 170.9047 169.4185 190.4397 203.5306 199.9922 161.0255 221.2425 171.3989 204.5585 179.6786 190.5113 204.2661 177.3970 173.2191 160.6861 229.8716 215.4063 166.6637 167.3277 169.6855 165.5366 181.6763 230.1596 199.6939 163.1141 185.9667 168.3350 196.3658 191.8328 219.7247
190.6152 220.8434 210.2232 175.3499 186.7432 192.7496 166.3331 197.5471 205.8026 180.5238 209.6913 163.3250 227.7629 208.8627 210.3616 227.5553 180.7278 182.6684 228.0419 196.5295 216.6291 176.8900 220.7127 191.3842 230.2379 161.7793 214.3009 169.3581 209.3993 220.3772 176.1853 165.5874 179.3427 229.4974 202.1429 215.5559 165.7645 160.0793 172.5113 229.3670 208.1376 177.5466 191.9255 228.7305 214.3621 191.7247 185.9767 200.9195 161.4399 162.9477 230.5359 211.9895 190.3275 173.2150 195.2877 227.2295 192.5038 230.6463 213.2263 177.1611 169.0743 225.0291 175.4819 204.3942 200.4250 180.9486 217.8637 193.3049 196.5401 176.8526
230.9355 211.8088 227.0997 162.4107 229.2696 162.4684 219.3871 224.7002 222.7672 198.7972 209.8513 198.0748 210.5760 220.8991 217.8951 160.0523 197.1900 202.5185 177.0873 164.1984 206.7728 227.1659 217.5358 203.7743 228.6108 165.2312 220.5996 187.8685 210.8728 197.8999 179.4656 170.8382 178.5295 208.2486 210.3730 180.1485 195.3699 161.1091 165.4271 213.1174 164.5384 179.1656 221.0134 181.6495 161.9168 224.2757 178.7953 216.7714 202.9711 165.1907 226.1596 216.6722 194.3966 198.6927 197.7587 201.9931 223.0043 189.6629 190.4927 166.3137 209.8162 165.7459 209.8720 175.1361 189.2609 213.0891 188.2052 229.1829 229.6950 214.0993
205.4705 222.4923 169.2163 210.2796 182.0440 166.6201 187.8765 198.9914 175.6825 169.2392 213.9589 230.4178 189.2899 162.5647 225.9376 167.0975 224.0291 160.3269 225.1050 197.1436 188.2875 179.4656 184.6216 176.6673 225.8499 224.3231 207.9187 200.9832 218.3886 202.8791 163.9708 169.8926 178.0423 202.4870 173.9387 180.7078 163.4215 218.6484 176.0848 183.7148 163.8525 206.5913 213.6611 193.4524 200.0516 182.8098 194.6786 189.5264 228.7076 214.2608 223.0813 161.6780 218.6436 172.6196 209.8695 197.4753 188.3253 185.8484 179.1426 219.3076 226.4917 210.3463 209.8647 216.3290 173.5916 175.1179 175.3960 169.6188 229.5288 175.7232
191.4790 162.1041 177.9428 211.2520 171.4186 208.7260 160.8788 187.2051 175.6553 161.9206 176.2416 198.9565 205.7932 208.7327 160.8655 168.4242 176.4160 189.7855 169.3846 172.6792 192.7005 212.8860 192.3410 216.4897 172.9203 173.2646 228.1298 222.2132 179.4222 173.3173 203.4472 174.0251 214.5518 191.2488 177.8825 200.2051 227.3084 189.1983 163.1731 230.0886 218.2153 221.2714 185.4283 180.3359 185.0085 192.3970 190.3221 200.3705 185.2647 192.0847 209.8498 164.1958 203.0171 212.9636 170.7519 185.3119 181.7418 215.4522 161.1178 164.1212 178.8351 160.0304 199.0000 173.0403 203.8482 173.3627 160.0928 184.5140 224.2976 172.9556